FIRST_ACCOUNT_ID = 0.0.3563708
FIRST_PRIVATE_KEY = 302e020100300506032b65700422042034255a0e9dc460b902a5598dd3b0c808e7b72b8c60352975045525a368f8e595
FIRST_PUBLIC_KEY = 302a300506032b65700321006ad7f73d24e30bebcdac5fa497e4867178d5a337dc89ebc6d900b54b52ddcccd

SECOND_ACCOUNT_ID = 0.0.3563848
SECOND_PRIVATE_KEY = 302e020100300506032b65700422042013f4b13abd74a57c0a80bc51d2f34f2caba6e168e19b6f5cf41797d4e8aadebb
SECOND_PUBLIC_KEY = 302a300506032b6570032100a75c929f28247c416ef03099bfa30e7a7f47dd167f2240f6cf0e73f5c7df78b7

THIRD_ACCOUNT_ID = 0.0.3564019
THIRD_PRIVATE_KEY = 302e020100300506032b6570042204203a2a88015d89f89992f7fba1272a4af2c984c31bbbe5987a9386e4c17f5f3a26
THIRD_PUBLIC_KEY = 302a300506032b6570032100f86ad203e1be6dbb03093104d5a5873ea024e98124227033ce65078e41cf9e57

FOURTH_ACCOUNT_ID = 0.0.3564045
FOURTH_PRIVATE_KEY = 302e020100300506032b657004220420265c2124c566eb48b79f11dd1dc18ee9c39340b31468a379c744821b8fc27898
FOURTH_PUBLIC_KEY = 302a300506032b657003210036ffd0aa0b65265f4d510b1834811015e3e68995c3ce361a4ad4cccfca2de94f

FIFTH_ACCOUNT_ID = 0.0.3564063
FIFTH_PRIVATE_KEY = 302e020100300506032b6570042204209a1d35cf291a677c8652dd56ce5abb7b5ddb95f50251d8bb28d1c052b6fc7320
FIFTH_PUBLIC_KEY = 302a300506032b657003210062c7f0c1ca9ad90d4d9b99ab7375b7e6b0a740cd1b3627d4ac10787850c35299

MY_ACCOUNT_ID = 0.0.3564482
MY_PRIVATE_KEY = 02e020100300506032b65700422042041c2725160800e202c835a6b68dff7fcc9f1a9455cda09de9317d4af157c8b35
MY_PUBLIC_KEY = 302a300506032b6570032100667dceea5868f79f666d52a32658b4be6f91fcf6cb1a1def4362a7e649367440

# MY_ACCOUNT_ID = 0.0.3518962
# MY_PRIVATE_KEY = 5ef30c76bd36a00aee1550a47026be86ed1357b2e442744f408f990daf50b165
# MY_PUBLIC_KEY = ebea61ad99cd32bd36348d0acc5895c1c73a920f5e43d6ed5ea47b721ebb16cd

TOKEN_ID=0.0.3566754

SCHEDULE_ID =0.0.3567009

Transaction_ID=0.0.3563708@1677250252.852599325?scheduled

TOPIC_ID= 0.0.3567171