FIRST_ACCOUNT_ID = 0.0.3836607
FIRST_PRIVATE_KEY = 302e020100300506032b6570042204205884556dff3d1deb11856f940ac2764f5d66507b11a4244835d89026368cea0f
FIRST_PUBLIC_KEY = 302a300506032b6570032100b11eab74d152a5f78fe0de557e2160e964fdebe25cbe00f5ff205b073f8a8b5e

SECOND_ACCOUNT_ID = 0.0.3836608
SECOND_PRIVATE_KEY = 302e020100300506032b657004220420625176e0628be019839e437fa47fdf0d1e50103bcd8905f2e011f3a9fa26f2ad
SECOND_PUBLIC_KEY = 302a300506032b6570032100d2b163d5a19be4c7c05fda7ec14c4a5dc85ea2a5c1fa5318b87809e44f83c49a

THIRD_ACCOUNT_ID = 0.0.3836610
THIRD_PRIVATE_KEY = 302e020100300506032b65700422042089c2064f7d54a7db2e1e685b1ca166f6147e5604fd8287f978ec27930ce5b75e
THIRD_PUBLIC_KEY = 302a300506032b65700321000de7c61913da08180a20db0097505368b4123cdae3e3f92e46d30eda3868d4b6

FOURTH_ACCOUNT_ID = 0.0.3836613
FOURTH_PRIVATE_KEY = 302e020100300506032b6570042204202200acd2cf27a926a21dd0d81177340cf3d1a8ef487bdcec2f7114b980cb9695
FOURTH_PUBLIC_KEY = 302a300506032b6570032100583f8f6277fd1df39c611512b98b5e54b93df345e212a69a1a42e6d31af705b4

FIFTH_ACCOUNT_ID = 0.0.3836615
FIFTH_PRIVATE_KEY = 302e020100300506032b657004220420c320e61a7dc864f7997a6fa7668bb790eadf322b9dbde1d146ff3fd620218329
FIFTH_PUBLIC_KEY = 302a300506032b65700321008deb8929b1585be989fbcae6e992706a74a868b204e7777b4c699c8ae68ee7c1

MY_ACCOUNT_ID = 0.0.3518962
MY_PRIVATE_KEY = 5ef30c76bd36a00aee1550a47026be86ed1357b2e442744f408f990daf50b165
MY_PUBLIC_KEY = ebea61ad99cd32bd36348d0acc5895c1c73a920f5e43d6ed5ea47b721ebb16cd

# TOKEN_ID=0.0.3566754

TOKEN_ID=0.0.3842908

SCHEDULE_ID =0.0.3840774

TOPIC_ID=0.0.3841772

MULTISIG_ACCOUNT_ID= 0.0.3841344

SERIALIZED_VALUE=eyJub2RlSWQiOiIwLjAuNiIsInRyYW5zYWN0aW9uSGFzaCI6IjU4Y2JiOTU1YmQxZmY3NDg5M2M5MjFlNDBiZDUwODU5MTkzM2Q1ZGE2NGRhMzVjNzAyMjNmZmU5MTliYjdiMWNmZDhkZjY0YWY2OGNmZGVkYWQ2NjNkMjIwZTY5OTlhYiIsInRyYW5zYWN0aW9uSWQiOiIwLjAuMzUxODk2MkAxNjc5MDYwNDk1LjI2ODQwNzM4MyJ9